4 0.327734375 0.28541666666666665 0.12265625 0.2625
3 0.2078125 0.29930555555555555 0.1171875 0.034722222222222224
3 0.865234375 0.29930555555555555 0.10546875 0.034722222222222224
3 0.61484375 0.30069444444444443 0.11875 0.05694444444444444
3 0.308203125 0.30069444444444443 0.16015625 0.04861111111111111
3 0.112890625 0.3 0.15078125 0.044444444444444446
3 0.63515625 0.2972222222222222 0.1125 0.030555555555555555
3 0.13203125 0.2972222222222222 0.115625 0.027777777777777776
3 0.90625 0.29930555555555555 0.0953125 0.029166666666666667
3 0.6765625 0.30069444444444443 0.15 0.04583333333333333
3 0.806640625 0.3013888888888889 0.19921875 0.06111111111111111
3 0.42421875 0.30069444444444443 0.0984375 0.05694444444444444
6 0.4765625 0.2763888888888889 0.2234375 0.5444444444444444