4 0.350390625 0.24305555555555555 0.07265625 0.16666666666666666
3 0.1546875 0.034722222222222224 0.103125 0.041666666666666664
3 0.287109375 0.05347222222222222 0.10546875 0.04027777777777778
3 0.70859375 0.019444444444444445 0.0796875 0.03888888888888889
3 0.492578125 0.14375 0.13359375 0.059722222222222225
3 0.275 0.11597222222222223 0.1140625 0.06527777777777778
3 0.101953125 0.08611111111111111 0.11953125 0.058333333333333334
3 0.0359375 0.1361111111111111 0.071875 0.06111111111111111
3 0.083984375 0.030555555555555555 0.10234375 0.03611111111111111
3 0.597265625 0.08611111111111111 0.09609375 0.03611111111111111
3 0.645703125 0.15208333333333332 0.13671875 0.0625
3 0.36171875 0.14305555555555555 0.134375 0.06111111111111111
6 0.49453125 0.37777777777777777 0.246875 0.38055555555555554