4 0.373046875 0.4423611111111111 0.05390625 0.10694444444444444
3 0.0421875 0.4444444444444444 0.084375 0.03611111111111111
3 0.024609375 0.45 0.04921875 0.06388888888888888
3 0.1234375 0.45555555555555555 0.2140625 0.10277777777777777
3 0.387890625 0.4666666666666667 0.36328125 0.18055555555555555
3 0.053515625 0.44930555555555557 0.10703125 0.05416666666666667
3 0.804296875 0.44583333333333336 0.10078125 0.03333333333333333
6 0.50859375 0.42083333333333334 0.1625 0.1527777777777778
6 0.91484375 0.3951388888888889 0.090625 0.2902777777777778
6 0.6234375 0.3909722222222222 0.1203125 0.33194444444444443
6 0.97265625 0.4861111111111111 0.053125 0.2611111111111111