4 0.369140625 0.5083333333333333 0.05390625 0.1361111111111111
3 0.060546875 0.5381944444444444 0.12109375 0.07361111111111111
3 0.041796875 0.6458333333333334 0.08359375 0.09722222222222222
3 0.087109375 0.9013888888888889 0.17421875 0.19444444444444445
3 0.056640625 0.48055555555555557 0.11171875 0.04722222222222222
3 0.073046875 0.5805555555555556 0.12578125 0.09444444444444444
3 0.789453125 0.4375 0.09453125 0.03888888888888889
6 0.506640625 0.44375 0.10234375 0.14027777777777778
6 0.81875 0.75625 0.1046875 0.24027777777777778
6 0.554296875 0.73125 0.12109375 0.22916666666666666
6 0.8171875 0.9291666666666667 0.1296875 0.1388888888888889