4 0.332421875 0.2534722222222222 0.10234375 0.21805555555555556
3 0.181640625 0.16944444444444445 0.11328125 0.03611111111111111
3 0.824609375 0.17083333333333334 0.08203125 0.03888888888888889
3 0.546484375 0.21388888888888888 0.16171875 0.058333333333333334
3 0.25 0.20416666666666666 0.0640625 0.05
3 0.10234375 0.18611111111111112 0.1375 0.044444444444444446
3 0.05859375 0.20069444444444445 0.1171875 0.05138888888888889
3 0.6015625 0.16944444444444445 0.0765625 0.03611111111111111
3 0.51171875 0.18055555555555555 0.103125 0.03611111111111111
3 0.733984375 0.18819444444444444 0.10703125 0.04583333333333333
3 0.737890625 0.21944444444444444 0.17578125 0.06111111111111111
3 0.4203125 0.21388888888888888 0.09375 0.058333333333333334
6 0.503125 0.3159722222222222 0.3453125 0.5041666666666667