4 0.9390625 0.3298611111111111 0.0359375 0.0763888888888889
4 0.312890625 0.49166666666666664 0.06015625 0.13055555555555556
3 0.052734375 0.4875 0.07890625 0.044444444444444446
3 0.038671875 0.6701388888888888 0.07734375 0.12638888888888888
3 0.083203125 0.4479166666666667 0.09453125 0.04583333333333333
3 0.039453125 0.5291666666666667 0.07890625 0.08055555555555556
3 0.834375 0.46458333333333335 0.1203125 0.05138888888888889
6 0.50234375 0.4423611111111111 0.046875 0.14027777777777778
6 0.752734375 0.5361111111111111 0.12421875 0.18333333333333332
6 0.261328125 0.7166666666666667 0.24453125 0.24722222222222223
6 0.20703125 0.9298611111111111 0.3515625 0.1375