4 0.93828125 0.04722222222222222 0.0375 0.08055555555555556
4 0.278515625 0.2916666666666667 0.06328125 0.16666666666666666
3 0.094921875 0.10833333333333334 0.10703125 0.041666666666666664
3 0.35859375 0.19166666666666668 0.13125 0.058333333333333334
3 0.125390625 0.18472222222222223 0.11796875 0.06666666666666667
3 0.2671875 0.12430555555555556 0.0890625 0.034722222222222224
3 0.499609375 0.13055555555555556 0.08359375 0.03333333333333333
3 0.50703125 0.18680555555555556 0.1265625 0.05694444444444444
3 0.226953125 0.1986111111111111 0.13515625 0.06111111111111111
3 0.649609375 0.9277777777777778 0.07578125 0.14166666666666666
6 0.4328125 0.22847222222222222 0.04375 0.06527777777777778
6 0.058984375 0.4951388888888889 0.11796875 0.19305555555555556