4 0.3109375 0.275 0.1546875 0.3194444444444444
3 0.211328125 0.3625 0.10546875 0.03611111111111111
3 0.716015625 0.36666666666666664 0.09453125 0.030555555555555555
3 0.415625 0.36180555555555555 0.0953125 0.0375
3 0.6796875 0.3347222222222222 0.0421875 0.07222222222222222
3 0.31796875 0.3451388888888889 0.18125 0.05694444444444444
3 0.1109375 0.35138888888888886 0.1671875 0.05
3 0.048046875 0.34305555555555556 0.09609375 0.06111111111111111
3 0.144140625 0.3638888888888889 0.12109375 0.03611111111111111
3 0.86484375 0.35 0.165625 0.05277777777777778
3 0.892578125 0.3298611111111111 0.15234375 0.07916666666666666
3 0.4296875 0.33611111111111114 0.121875 0.06944444444444445
6 0.412109375 0.2701388888888889 0.58671875 0.5402777777777777