4 0.332421875 0.24305555555555555 0.09765625 0.2111111111111111
3 0.17109375 0.13125 0.1140625 0.0375
3 0.762890625 0.13125 0.09921875 0.0375
3 0.53515625 0.18680555555555556 0.146875 0.059722222222222225
3 0.25078125 0.1763888888888889 0.0765625 0.05
3 0.0953125 0.15625 0.1359375 0.05138888888888889
3 0.57265625 0.12986111111111112 0.096875 0.029166666666666667
3 0.09609375 0.12708333333333333 0.109375 0.03194444444444444
3 0.5015625 0.14583333333333334 0.0984375 0.03611111111111111
3 0.61328125 0.1527777777777778 0.10625 0.03611111111111111
3 0.72265625 0.19375 0.1640625 0.0625
3 0.414453125 0.18819444444444444 0.08671875 0.059722222222222225
6 0.469921875 0.3194444444444444 0.41796875 0.44166666666666665