4 0.356640625 0.49166666666666664 0.05234375 0.13333333333333333
3 0.055078125 0.5118055555555555 0.11015625 0.05694444444444444
3 0.026953125 0.59375 0.05390625 0.08472222222222223
3 0.155078125 0.6569444444444444 0.14609375 0.12777777777777777
3 0.3234375 0.9305555555555556 0.1921875 0.1361111111111111
3 0.057421875 0.5451388888888888 0.11484375 0.08194444444444444
3 0.8 0.44305555555555554 0.096875 0.03888888888888889
6 0.50078125 0.4395833333333333 0.06875 0.14027777777777778
6 0.779296875 0.4875 0.07890625 0.16666666666666666
6 0.50078125 0.6597222222222222 0.146875 0.25
6 0.72265625 0.8569444444444444 0.184375 0.2833333333333333