4 0.3734375 0.46597222222222223 0.0546875 0.12916666666666668
3 0.048828125 0.47430555555555554 0.09765625 0.04027777777777778
3 0.044921875 0.5138888888888888 0.08984375 0.058333333333333334
3 0.062890625 0.5909722222222222 0.10078125 0.06805555555555555
3 0.096484375 0.7527777777777778 0.19296875 0.23055555555555557
3 0.079296875 0.4965277777777778 0.11953125 0.0625
3 0.78671875 0.44583333333333336 0.09375 0.03333333333333333
6 0.494140625 0.4305555555555556 0.10859375 0.14722222222222223
6 0.684765625 0.5326388888888889 0.12734375 0.3013888888888889
6 0.575390625 0.5118055555555555 0.11640625 0.26805555555555555
6 0.854296875 0.5916666666666667 0.13984375 0.3861111111111111