4 0.660546875 0.8548611111111111 0.07734375 0.2013888888888889
4 0.30859375 0.4791666666666667 0.053125 0.1111111111111111
3 0.1328125 0.4361111111111111 0.0625 0.058333333333333334
3 0.04765625 0.38958333333333334 0.0875 0.043055555555555555
3 0.1953125 0.3958333333333333 0.0609375 0.05
3 0.082421875 0.4826388888888889 0.11484375 0.06527777777777778
3 0.797265625 0.5243055555555556 0.11953125 0.07083333333333333
6 0.494921875 0.45069444444444445 0.12578125 0.12638888888888888
6 0.382421875 0.6611111111111111 0.19453125 0.175
6 0.1015625 0.7027777777777777 0.203125 0.15833333333333333
6 0.019921875 0.9472222222222222 0.03984375 0.06944444444444445