4 0.3875 0.4479166666666667 0.0546875 0.11527777777777778
3 0.06875 0.44583333333333336 0.1375 0.03333333333333333
3 0.064453125 0.4479166666666667 0.12890625 0.05138888888888889
3 0.026953125 0.44375 0.05390625 0.07361111111111111
3 0.215234375 0.44305555555555554 0.15859375 0.07777777777777778
3 0.415234375 0.4354166666666667 0.22890625 0.11527777777777778
3 0.108984375 0.45 0.10859375 0.04722222222222222
6 0.50703125 0.4270833333333333 0.1125 0.14305555555555555
6 0.81796875 0.40208333333333335 0.06875 0.24027777777777778
6 0.609375 0.39861111111111114 0.0984375 0.2638888888888889
6 0.897265625 0.3715277777777778 0.11171875 0.3736111111111111