4 0.375390625 0.14652777777777778 0.12109375 0.2513888888888889
3 0.290234375 0.01875 0.11796875 0.0375
3 0.9625 0.02638888888888889 0.0734375 0.03888888888888889
3 0.648828125 0.08888888888888889 0.16640625 0.075
3 0.380078125 0.06597222222222222 0.15859375 0.04583333333333333
3 0.19453125 0.043055555555555555 0.1453125 0.05277777777777778
3 0.059765625 0.06597222222222222 0.11953125 0.059722222222222225
3 0.06796875 0.027777777777777776 0.13125 0.041666666666666664
3 0.823828125 0.0625 0.15546875 0.058333333333333334
3 0.871875 0.10347222222222222 0.1640625 0.08194444444444444
3 0.49375 0.08472222222222223 0.1421875 0.06666666666666667
6 0.453125 0.29305555555555557 0.4734375 0.5861111111111111