4 0.34140625 0.3284722222222222 0.09375 0.2013888888888889
3 0.18515625 0.3076388888888889 0.10625 0.03194444444444444
3 0.540234375 0.3236111111111111 0.13828125 0.05
3 0.260546875 0.31875 0.07109375 0.043055555555555555
3 0.128125 0.31180555555555556 0.0984375 0.0375
3 0.103125 0.31875 0.0609375 0.04583333333333333
3 0.57421875 0.30694444444444446 0.090625 0.03333333333333333
3 0.71484375 0.3145833333333333 0.11875 0.0375
3 0.711328125 0.32569444444444445 0.15859375 0.05138888888888889
3 0.029296875 0.5916666666666667 0.05859375 0.30277777777777776
6 0.49921875 0.3284722222222222 0.3375 0.4013888888888889