4 0.381640625 0.31666666666666665 0.08671875 0.18333333333333332
3 0.26328125 0.2569444444444444 0.096875 0.03333333333333333
3 0.84375 0.25972222222222224 0.0953125 0.03333333333333333
3 0.57421875 0.2916666666666667 0.13125 0.05277777777777778
3 0.35390625 0.2826388888888889 0.128125 0.04027777777777778
3 0.190234375 0.2701388888888889 0.12109375 0.04027777777777778
3 0.105859375 0.28194444444444444 0.12578125 0.044444444444444446
3 0.627734375 0.25833333333333336 0.08359375 0.03333333333333333
3 0.55390625 0.2659722222222222 0.1 0.0375
3 0.730859375 0.2743055555555556 0.12265625 0.0375
3 0.74453125 0.2972222222222222 0.128125 0.05555555555555555
3 0.461328125 0.2902777777777778 0.09296875 0.04722222222222222
3 0.020703125 0.6958333333333333 0.04140625 0.2111111111111111
6 0.494921875 0.34375 0.32578125 0.37916666666666665