4 0.9703125 0.36736111111111114 0.0375 0.0763888888888889
4 0.96796875 0.6541666666666667 0.0625 0.2
4 0.31171875 0.47638888888888886 0.0578125 0.12222222222222222
3 0.057421875 0.4666666666666667 0.11328125 0.05277777777777778
3 0.1140625 0.4388888888888889 0.084375 0.04722222222222222
3 0.047265625 0.49930555555555556 0.09453125 0.06527777777777778
3 0.8265625 0.46805555555555556 0.1203125 0.04722222222222222
6 0.49375 0.4361111111111111 0.1421875 0.14166666666666666
6 0.42890625 0.5493055555555556 0.1859375 0.20416666666666666
6 0.212890625 0.61875 0.24140625 0.2375
6 0.155859375 0.8694444444444445 0.31171875 0.24722222222222223