3 0.65546875 0.9430555555555555 0.3515625 0.1111111111111111
4 0.825 0.6354166666666666 0.0734375 0.2125
4 0.29921875 0.4652777777777778 0.0578125 0.11666666666666667
3 0.087109375 0.4513888888888889 0.09921875 0.044444444444444446
3 0.144921875 0.43194444444444446 0.09453125 0.041666666666666664
3 0.05078125 0.475 0.1015625 0.05277777777777778
3 0.828515625 0.475 0.12734375 0.05
6 0.505859375 0.43680555555555556 0.08203125 0.14027777777777778
6 0.3734375 0.5638888888888889 0.2359375 0.2361111111111111
6 0.115625 0.5638888888888889 0.23125 0.21944444444444444
6 0.0453125 0.78125 0.090625 0.06527777777777778