4 0.621484375 0.8548611111111111 0.07421875 0.18472222222222223
4 0.31640625 0.4791666666666667 0.05 0.10555555555555556
3 0.151171875 0.4361111111111111 0.09921875 0.05277777777777778
3 0.031640625 0.5145833333333333 0.06328125 0.05694444444444444
3 0.034375 0.4083333333333333 0.06875 0.05277777777777778
3 0.215625 0.39444444444444443 0.0828125 0.04722222222222222
3 0.1046875 0.4791666666666667 0.1078125 0.06111111111111111
3 0.78046875 0.53125 0.1125 0.07083333333333333
6 0.4921875 0.4444444444444444 0.13125 0.125
6 0.17890625 0.8513888888888889 0.24375 0.2
6 0.107421875 0.6868055555555556 0.20546875 0.16527777777777777
6 0.02734375 0.9277777777777778 0.0546875 0.06944444444444445