4 0.97578125 0.4111111111111111 0.0375 0.075
4 0.989453125 0.5361111111111111 0.01953125 0.20555555555555555
4 0.304296875 0.45694444444444443 0.06015625 0.125
3 0.058203125 0.45902777777777776 0.08828125 0.04583333333333333
3 0.108984375 0.4444444444444444 0.07578125 0.03611111111111111
3 0.037890625 0.4722222222222222 0.07578125 0.05277777777777778
3 0.83984375 0.45625 0.125 0.043055555555555555
6 0.51875 0.4284722222222222 0.0609375 0.15138888888888888
6 0.50546875 0.4875 0.2140625 0.25833333333333336
6 0.1984375 0.4979166666666667 0.2609375 0.2708333333333333
6 0.153515625 0.6590277777777778 0.30703125 0.2652777777777778