4 0.681640625 0.83125 0.07421875 0.19583333333333333
4 0.31171875 0.4798611111111111 0.053125 0.10972222222222222
3 0.13046875 0.4444444444444444 0.103125 0.05
3 0.03828125 0.41597222222222224 0.0765625 0.05138888888888889
3 0.2015625 0.4041666666666667 0.0734375 0.044444444444444446
3 0.084765625 0.4861111111111111 0.11484375 0.06388888888888888
3 0.7953125 0.5180555555555556 0.1171875 0.06666666666666667
6 0.5015625 0.45694444444444443 0.040625 0.11666666666666667
6 0.41640625 0.8222222222222222 0.234375 0.21388888888888888
6 0.108984375 0.6854166666666667 0.21796875 0.17916666666666667
6 0.034375 0.9395833333333333 0.06875 0.0763888888888889