4 0.403515625 0.1527777777777778 0.15703125 0.28055555555555556
3 0.87890625 0.2013888888888889 0.1125 0.027777777777777776
3 0.577734375 0.20208333333333334 0.12265625 0.034722222222222224
3 0.766796875 0.20277777777777778 0.22890625 0.06944444444444445
3 0.255078125 0.20208333333333334 0.14921875 0.04583333333333333
3 0.219921875 0.20277777777777778 0.17421875 0.05555555555555555
3 0.135546875 0.20277777777777778 0.13203125 0.041666666666666664
3 0.84375 0.20277777777777778 0.1421875 0.041666666666666664
3 0.777734375 0.20208333333333334 0.10546875 0.02638888888888889
3 0.74375 0.2 0.1515625 0.041666666666666664
3 0.95546875 0.20208333333333334 0.0875 0.07916666666666666
3 0.58359375 0.20208333333333334 0.1515625 0.06805555555555555
6 0.590234375 0.31319444444444444 0.54296875 0.6263888888888889