4 0.375 0.46944444444444444 0.05625 0.13055555555555556
3 0.047265625 0.4895833333333333 0.09453125 0.029166666666666667
3 0.046484375 0.53125 0.09296875 0.07083333333333333
3 0.158984375 0.5694444444444444 0.13828125 0.10277777777777777
3 0.306640625 0.7576388888888889 0.24609375 0.21805555555555556
3 0.05859375 0.5118055555555555 0.071875 0.04861111111111111
3 0.785546875 0.4444444444444444 0.09296875 0.03333333333333333
6 0.506640625 0.43125 0.11171875 0.14583333333333334
6 0.6828125 0.4576388888888889 0.078125 0.17916666666666667
6 0.58203125 0.5291666666666667 0.1140625 0.2638888888888889
6 0.865625 0.6256944444444444 0.1359375 0.37916666666666665