4 0.369140625 0.2 0.09453125 0.20555555555555555
3 0.240625 0.022916666666666665 0.109375 0.04027777777777778
3 0.3296875 0.0375 0.1171875 0.03611111111111111
3 0.884375 0.027777777777777776 0.1 0.041666666666666664
3 0.576953125 0.11944444444444445 0.15546875 0.06944444444444445
3 0.33984375 0.09375 0.1375 0.05138888888888889
3 0.166796875 0.059027777777777776 0.12578125 0.05138888888888889
3 0.087890625 0.1076388888888889 0.15859375 0.0625
3 0.048046875 0.043055555555555555 0.09609375 0.041666666666666664
3 0.171484375 0.01597222222222222 0.10546875 0.02638888888888889
3 0.794140625 0.08611111111111111 0.13515625 0.05555555555555555
3 0.76015625 0.13402777777777777 0.159375 0.07083333333333333
3 0.426953125 0.11458333333333333 0.15546875 0.0625
6 0.495703125 0.3375 0.33671875 0.49166666666666664