4 0.3828125 0.24722222222222223 0.090625 0.19444444444444445
3 0.266796875 0.11388888888888889 0.10546875 0.03611111111111111
3 0.4453125 0.12152777777777778 0.0890625 0.03194444444444444
3 0.832421875 0.11805555555555555 0.09921875 0.03888888888888889
3 0.5859375 0.18541666666666667 0.1109375 0.06527777777777778
3 0.36015625 0.1673611111111111 0.1328125 0.04583333333333333
3 0.192578125 0.14166666666666666 0.12578125 0.04722222222222222
3 0.04453125 0.15694444444444444 0.0890625 0.05
3 0.0828125 0.12777777777777777 0.0953125 0.03888888888888889
3 0.40078125 0.1 0.0875 0.03611111111111111
3 0.2 0.10833333333333334 0.1015625 0.030555555555555555
3 0.89921875 0.09652777777777778 0.0890625 0.03194444444444444
3 0.66953125 0.14722222222222223 0.09375 0.04722222222222222
3 0.76328125 0.19652777777777777 0.1015625 0.07083333333333333
3 0.468359375 0.1840277777777778 0.09921875 0.05694444444444444
6 0.48359375 0.34305555555555556 0.2375 0.45555555555555555