4 0.389453125 0.4666666666666667 0.05859375 0.13055555555555556
3 0.062109375 0.47847222222222224 0.12421875 0.04583333333333333
3 0.062890625 0.5208333333333334 0.12578125 0.07222222222222222
3 0.0296875 0.5958333333333333 0.059375 0.10833333333333334
3 0.17109375 0.6034722222222222 0.16875 0.09305555555555556
3 0.330859375 0.7319444444444444 0.26953125 0.22777777777777777
3 0.105859375 0.49722222222222223 0.10546875 0.06111111111111111
3 0.7765625 0.44375 0.0921875 0.03194444444444444
6 0.504296875 0.4305555555555556 0.06015625 0.14722222222222223
6 0.703515625 0.4798611111111111 0.08046875 0.23194444444444445
6 0.6421875 0.5041666666666667 0.09375 0.26666666666666666
6 0.961328125 0.56875 0.07578125 0.3680555555555556