4 0.45546875 0.2902777777777778 0.115625 0.2388888888888889
3 0.63203125 0.28958333333333336 0.11875 0.0375
3 0.755859375 0.29930555555555555 0.18671875 0.05694444444444444
3 0.3359375 0.29097222222222224 0.1234375 0.04027777777777778
3 0.18203125 0.2916666666666667 0.134375 0.041666666666666664
3 0.03984375 0.29097222222222224 0.0796875 0.04027777777777778
3 0.85078125 0.2875 0.1265625 0.03333333333333333
3 0.756640625 0.2902777777777778 0.13359375 0.03888888888888889
3 0.880859375 0.2923611111111111 0.15234375 0.043055555555555555
3 0.934765625 0.3020833333333333 0.12890625 0.0625
3 0.611328125 0.2972222222222222 0.11328125 0.05277777777777778
6 0.47578125 0.29305555555555557 0.23125 0.5111111111111111