3 0.5078125 0.5606481481481481 0.45625 0.24722222222222223
3 0.865625 0.16712962962962963 0.08333333333333333 0.01574074074074074
3 0.7567708333333333 0.19212962962962962 0.09166666666666666 0.032407407407407406
3 0.79375 0.16018518518518518 0.071875 0.020370370370370372
3 0.9653645833333333 0.1675925925925926 0.06822916666666666 0.025925925925925925
3 0.8869791666666667 0.18055555555555555 0.09479166666666666 0.03148148148148148
3 0.859375 0.20925925925925926 0.0875 0.04814814814814815
3 0.9325520833333333 0.2222222222222222 0.13385416666666666 0.05185185185185185
3 0.6216145833333333 0.225 0.13489583333333333 0.05185185185185185
3 0.659375 0.20601851851851852 0.109375 0.04537037037037037
3 0.7924479166666667 0.17916666666666667 0.0671875 0.030555555555555555
3 0.8682291666666667 0.15833333333333333 0.07395833333333333 0.018518518518518517
6 0.5028645833333333 0.31805555555555554 0.19322916666666667 0.41574074074074074
6 0.96796875 0.22314814814814815 0.06302083333333333 0.2388888888888889