3 0.5609375 0.74375 0.3203125 0.18472222222222223
4 0.77265625 0.5277777777777778 0.071875 0.1527777777777778
4 0.30703125 0.4583333333333333 0.0546875 0.10833333333333334
3 0.10859375 0.4534722222222222 0.0953125 0.03194444444444444
3 0.166015625 0.44375 0.09140625 0.03194444444444444
3 0.0609375 0.46458333333333335 0.121875 0.043055555555555555
3 0.812109375 0.4666666666666667 0.12265625 0.041666666666666664
6 0.49765625 0.43472222222222223 0.10625 0.1361111111111111
6 0.398828125 0.5076388888888889 0.16484375 0.24583333333333332
6 0.116796875 0.4895833333333333 0.23359375 0.2152777777777778
6 0.047265625 0.6527777777777778 0.09453125 0.041666666666666664