4 0.32265625 0.2590277777777778 0.065625 0.15138888888888888
3 0.06953125 0.059027777777777776 0.10625 0.043055555555555555
3 0.144140625 0.017361111111111112 0.08984375 0.03194444444444444
3 0.275390625 0.05 0.09765625 0.041666666666666664
3 0.591796875 0.03194444444444444 0.07890625 0.03888888888888889
3 0.43359375 0.15694444444444444 0.128125 0.06111111111111111
3 0.216015625 0.13819444444444445 0.11484375 0.06805555555555555
3 0.044140625 0.11527777777777778 0.08828125 0.06111111111111111
3 0.188671875 0.02847222222222222 0.07890625 0.034722222222222224
3 0.58125 0.15902777777777777 0.1265625 0.059722222222222225
3 0.30625 0.15833333333333333 0.13125 0.058333333333333334
6 0.483203125 0.38958333333333334 0.27734375 0.2375