4 0.33671875 0.2111111111111111 0.146875 0.30833333333333335
3 0.7421875 0.23055555555555557 0.1046875 0.030555555555555555
3 0.45234375 0.2298611111111111 0.1125 0.034722222222222224
3 0.657421875 0.23125 0.18828125 0.06527777777777778
3 0.3484375 0.2298611111111111 0.1765625 0.05138888888888889
3 0.141796875 0.2298611111111111 0.13359375 0.04583333333333333
3 0.084765625 0.23125 0.16953125 0.05416666666666667
3 0.0421875 0.22777777777777777 0.084375 0.03611111111111111
3 0.7140625 0.23055555555555557 0.121875 0.03888888888888889
3 0.8203125 0.23055555555555557 0.0828125 0.03333333333333333
3 0.62421875 0.23055555555555557 0.128125 0.041666666666666664
3 0.916015625 0.22777777777777777 0.16171875 0.044444444444444446
3 0.89765625 0.23194444444444445 0.203125 0.06944444444444445
3 0.474609375 0.23125 0.16171875 0.06527777777777778
6 0.49453125 0.26666666666666666 0.71875 0.5333333333333333